0.000000 1.000000 80.007030 4.366871 2.823177
0.90 1.000000 80.529798 4.366870 2.823182
1.80 1.000000 81.052567 4.366870 2.823183
2.70 1.000000 81.575336 4.366870 2.823184
3.60 1.000000 82.098106 4.366870 2.823184
4.50 1.000000 82.620875 4.366870 2.823184
5.40 1.000000 83.143644 4.366870 2.823185
6.30 1.000000 83.666413 4.366870 2.823185
7.20 1.000000 84.189182 4.366870 2.823185
8.10 1.000000 84.711951 4.366870 2.823185
9.00 1.000000 85.234720 4.366870 2.823185
9.90 1.000000 85.757490 4.366870 2.823186
10.80 1.000000 86.280259 4.366870 2.823186
11.70 1.000000 86.803028 4.366870 2.823186
12.60 1.000000 87.325798 4.366870 2.823186
13.50 1.000000 87.848567 4.366870 2.823187
14.40 1.000000 88.371336 4.366870 2.823187
15.30 1.000000 88.894106 4.366870 2.823187
16.20 1.000000 89.416875 4.366870 2.823187
17.10 1.000000 89.939645 4.366870 2.823188
18.00 1.000000 90.462414 4.366870 2.823188
18.90 1.000000 90.985184 4.366870 2.823189
19.80 1.000000 91.507954 4.366870 2.823189
20.70 1.000000 92.030724 4.366870 2.823190
21.60 1.000000 92.553494 4.366870 2.823190
22.50 1.000000 93.076264 4.366870 2.823191
23.40 1.000000 93.599034 4.366870 2.823191
24.30 1.000000 94.121804 4.366870 2.823192
25.20 1.000000 94.644575 4.366870 2.823193
26.10 1.000000 95.167345 4.366870 2.823194
27.00 1.000000 95.690116 4.366870 2.823195
27.90 1.000000 96.212887 4.366870 2.823196
28.80 1.000000 96.735658 4.366870 2.823197
29.70 1.000000 97.258430 4.366870 2.823198
30.60 1.000000 97.781201 4.366870 2.823200
31.50 1.000000 98.303973 4.366870 2.823202
32.40 1.000000 98.826746 4.366870 2.823203
33.30 1.000000 99.349518 4.366870 2.823205
34.20 1.000000 99.872291 4.366870 2.823207
35.10 1.000000 100.395065 4.366870 2.823210
36.00 1.000000 100.917839 4.366870 2.823212
36.90 1.000000 101.440613 4.366870 2.823215
37.80 1.000000 101.963388 4.366870 2.823218
38.70 1.000000 102.486163 4.366870 2.823222
39.60 1.000000 103.008939 4.366870 2.823225
40.50 1.000000 103.531716 4.366870 2.823229
41.40 1.000000 104.054494 4.366870 2.823234
42.30 1.000000 104.577272 4.366870 2.823238
43.20 1.000000 105.100052 4.366870 2.823244
44.10 1.000000 105.622832 4.366870 2.823249
45.00 1.000000 106.145614 4.366870 2.823256
45.90 1.000000 106.668397 4.366870 2.823262
46.80 1.000000 107.191181 4.366870 2.823270
47.70 1.000000 107.713966 4.366870 2.823278
48.60 1.000000 108.236753 4.366870 2.823287
49.50 1.000000 108.759542 4.366870 2.823296
50.40 1.000000 109.282332 4.366870 2.823306
51.30 1.000000 109.805125 4.366870 2.823318
52.20 1.000000 110.327920 4.366870 2.823330
53.10 1.000000 110.850717 4.366870 2.823343
54.00 1.000000 111.373517 4.366870 2.823357
54.90 1.000000 111.896319 4.366870 2.823373
55.80 1.000000 112.419124 4.366870 2.823389
56.70 1.000000 112.941933 4.366870 2.823408
57.60 1.000000 113.464745 4.366870 2.823427
58.50 1.000000 113.987561 4.366870 2.823448
59.40 1.000000 114.510381 4.366870 2.823471
60.30 1.000000 115.033205 4.366870 2.823496
61.20 1.000000 115.556034 4.366870 2.823522
62.10 1.000000 116.078869 4.366870 2.823551
63.00 1.000000 116.601708 4.366870 2.823581
63.90 1.000000 117.124554 4.366870 2.823615
64.80 1.000000 117.647406 4.366870 2.823650
65.70 1.000000 118.170265 4.366870 2.823688
66.60 1.000000 118.693131 4.366870 2.823730
67.50 1.000000 119.216005 4.366870 2.823774
68.40 1.000000 119.738888 4.366870 2.823821
69.30 1.000000 120.261779 4.366870 2.823872
70.20 1.000000 120.784681 4.366870 2.823926
71.10 1.000000 121.307593 4.366870 2.823984
72.00 1.000000 121.830516 4.366870 2.824047
72.90 1.000000 122.353451 4.366870 2.824113
73.80 1.000000 122.876399 4.366870 2.824184
74.70 1.000000 123.399360 4.366870 2.824261
75.60 1.000000 123.922337 4.366870 2.824342
76.50 1.000000 124.445328 4.366870 2.824428
77.40 1.000000 124.968337 4.366870 2.824521
78.30 1.000000 125.491363 4.366870 2.824619
79.20 1.000000 126.014408 4.366870 2.824724
80.10 1.000000 126.537473 4.366870 2.824836
81.00 1.000000 127.060559 4.366870 2.824954
81.90 1.000000 127.583668 4.366870 2.825081
82.80 1.000000 128.106801 4.366870 2.825215
83.70 1.000000 128.629960 4.366870 2.825357
84.60 1.000000 129.153146 4.366870 2.825508
85.50 1.000000 129.676361 4.366870 2.825668
86.40 1.000000 130.199607 4.366870 2.825837
87.30 1.000000 130.722885 4.366870 2.826017
88.20 1.000000 131.246197 4.366870 2.826207
89.10 1.000000 131.769546 4.366870 2.826408
90.00 1.000000 132.292933 4.366870 2.826621
90.90 1.000000 132.816361 4.366870 2.826846
91.80 1.000000 133.339831 4.366870 2.827083
92.70 1.000000 133.863347 4.366870 2.827333
93.60 1.000000 134.386911 4.366870 2.827597
94.50 1.000000 134.910525 4.366870 2.827875
95.40 1.000000 135.434191 4.366870 2.828168
96.30 1.000000 135.957914 4.366870 2.828476
97.20 1.000000 136.481695 4.366870 2.828800
98.10 1.000000 137.005539 4.366870 2.829141
99.00 1.000000 137.529447 4.366870 2.829499
99.90 1.000000 138.053423 4.366870 2.829875
100.80 1.000000 138.577470 4.366870 2.830270
101.70 1.000000 139.101593 4.366870 2.830683
102.60 1.000000 139.625795 4.366870 2.831117
103.50 1.000000 140.150078 4.366870 2.831571
104.40 1.000000 140.674448 4.366870 2.832046
105.30 1.000000 141.198909 4.366870 2.832543
106.20 1.000000 141.723463 4.366870 2.833063
107.10 1.000000 142.248117 4.366870 2.833605
108.00 1.000000 142.772873 4.366870 2.834172
108.90 1.000000 143.297737 4.366870 2.834763
109.80 1.000000 143.822713 4.366870 2.835380
110.70 1.000000 144.347806 4.366870 2.836022
111.60 1.000000 144.873020 4.366870 2.836692
112.50 1.000000 145.398362 4.366870 2.837388
113.40 1.000000 145.923835 4.366870 2.838112
114.30 1.000000 146.449446 4.366870 2.838865
115.20 1.000000 146.975198 4.366870 2.839647
116.10 1.000000 147.501099 4.366870 2.840459
117.00 1.000000 148.027154 4.366870 2.841301
117.90 1.000000 148.553367 4.366870 2.842174
118.80 1.000000 149.079746 4.366870 2.843079
119.70 1.000000 149.606296 4.366870 2.844015
120.60 1.000000 150.133022 4.366870 2.844985
121.50 1.000000 150.659932 4.366870 2.845987
122.40 1.000000 151.187030 4.366870 2.847023
123.30 1.000000 151.714325 4.366870 2.848093
124.20 1.000000 152.241821 4.366870 2.849197
125.10 1.000000 152.769525 4.366870 2.850336
126.00 1.000000 153.297444 4.366870 2.851510
126.90 1.000000 153.825584 4.366870 2.852719
127.80 1.000000 154.353952 4.366870 2.853964
128.70 1.000000 154.882554 4.366870 2.855244
129.60 1.000000 155.411397 4.366870 2.856560
130.50 1.000000 155.940488 4.366870 2.857913
131.40 1.000000 156.469833 4.366870 2.859301
132.30 1.000000 156.999440 4.366870 2.860726
133.20 1.000000 157.529314 4.366870 2.862186
134.10 1.000000 158.059462 4.366870 2.863683
135.00 1.000000 158.589892 4.366870 2.865215
135.90 1.000000 159.120609 4.366870 2.866782
136.80 1.000000 159.651620 4.366870 2.868385
137.70 1.000000 160.182932 4.366870 2.870023
138.60 1.000000 160.714552 4.366870 2.871696
139.50 1.000000 161.246484 4.366870 2.873402
140.40 1.000000 161.778737 4.366870 2.875142
141.30 1.000000 162.311315 4.366870 2.876915
142.20 1.000000 162.844226 4.366870 2.878720
143.10 1.000000 163.377474 4.366870 2.880556
144.00 1.000000 163.911066 4.366870 2.882424
144.90 1.000000 164.445007 4.366870 2.884322
145.80 1.000000 164.979303 4.366870 2.886248
146.70 1.000000 165.513959 4.366870 2.888201
147.60 1.000000 166.048979 4.366870 2.890180
148.50 1.000000 166.584369 4.366870 2.892187
149.40 1.000000 167.120133 4.366870 2.894221
150.30 1.000000 167.656278 4.366870 2.896279
151.20 1.000000 168.192807 4.366870 2.898354
152.10 1.000000 168.729721 4.366870 2.900445
153.00 1.000000 169.267024 4.366870 2.902555
153.90 1.000000 169.804720 4.366870 2.904691
154.80 1.000000 170.342815 4.366870 2.906849
155.70 1.000000 170.881313 4.366870 2.909017
156.60 1.000000 171.420213 4.366870 2.911188
157.50 1.000000 171.959515 4.366870 2.913365
158.40 1.000000 172.499221 4.366870 2.915555
159.30 1.000000 173.039334 4.366870 2.917759
160.20 1.000000 173.579857 4.366870 2.919970
161.10 1.000000 174.120790 4.366870 2.922184
162.00 1.000000 174.662134 4.366870 2.924398
162.90 1.000000 175.203890 4.366870 2.926609
163.80 1.000000 175.746053 4.366870 2.928810
164.70 1.000000 176.288623 4.366870 2.931002
165.60 1.000000 176.831597 4.366870 2.933189
166.50 1.000000 177.374976 4.366870 2.935374
167.40 1.000000 177.918760 4.366870 2.937549
168.30 1.000000 178.462946 4.366870 2.939711
169.20 1.000000 179.007531 4.366870 2.941856
170.10 1.000000 179.552513 4.366870 2.943981
171.00 1.000000 180.097886 4.366870 2.946078
171.90 1.000000 180.643644 4.366870 2.948146
172.80 1.000000 181.189781 4.366870 2.950187
173.70 1.000000 181.736293 4.366870 2.952204
174.60 1.000000 182.283176 4.366870 2.954194
175.50 1.000000 182.830424 4.366870 2.956155
176.40 1.000000 183.378033 4.366870 2.958085
177.30 1.000000 183.925997 4.366870 2.959977
178.20 1.000000 184.474307 4.366870 2.961825
179.10 1.000000 185.022955 4.366870 2.963630
180.00 1.000000 185.571933 4.366870 2.965392
180.90 1.000000 186.121233 4.366870 2.967103
181.80 1.000000 186.670844 4.366870 2.968757
182.70 1.000000 187.220753 4.366870 2.970358
183.60 1.000000 187.770953 4.366870 2.971913
184.50 1.000000 188.321436 4.366870 2.973422
185.40 1.000000 188.872194 4.366870 2.974880
186.30 1.000000 189.423217 4.366870 2.976281
187.20 1.000000 189.974493 4.366870 2.977622
188.10 1.000000 190.526012 4.366870 2.978899
189.00 1.000000 191.077760 4.366870 2.980107
189.90 1.000000 191.629725 4.366870 2.981249
190.80 1.000000 192.181894 4.366870 2.982322
191.70 1.000000 192.734254 4.366870 2.983328
192.60 1.000000 193.286793 4.366870 2.984264
193.50 1.000000 193.839497 4.366870 2.985127
194.40 1.000000 194.392353 4.366870 2.985916
195.30 1.000000 194.945346 4.366870 2.986633
196.20 1.000000 195.498464 4.366870 2.987281
197.10 1.000000 196.051693 4.366870 2.987857
198.00 1.000000 196.605022 4.366870 2.988365
198.90 1.000000 197.158438 4.366870 2.988803
199.80 1.000000 197.711928 4.366870 2.989167
200.70 1.000000 198.265478 4.366870 2.989450
201.60 1.000000 198.819072 4.366870 2.989651
202.50 1.000000 199.372695 4.366870 2.989770
203.40 1.000000 199.926330 4.366870 2.989804
204.30 1.000000 200.479962 4.366870 2.989755
205.20 1.000000 201.033575 4.366870 2.989630
206.10 1.000000 201.587156 4.366870 2.989431
207.00 1.000000 202.140691 4.366870 2.989156
207.90 1.000000 202.694167 4.366870 2.988807
208.80 1.000000 203.247570 4.366870 2.988387
209.70 1.000000 203.800888 4.366870 2.987891
210.60 1.000000 204.354106 4.366870 2.987318
211.50 1.000000 204.907208 4.366870 2.986671
212.40 1.000000 205.460183 4.366870 2.985952
213.30 1.000000 206.013016 4.366870 2.985161
214.20 1.000000 206.565694 4.366870 2.984299
215.10 1.000000 207.118206 4.366870 2.983373
216.00 1.000000 207.670538 4.366870 2.982380
216.90 1.000000 208.222680 4.366870 2.981319
217.80 1.000000 208.774619 4.366870 2.980193
218.70 1.000000 209.326343 4.366870 2.979000
219.60 1.000000 209.877838 4.366870 2.977738
220.50 1.000000 210.429092 4.366870 2.976409
221.40 1.000000 210.980093 4.366870 2.975016
222.30 1.000000 211.530827 4.366870 2.973561
223.20 1.000000 212.081285 4.366870 2.972047
224.10 1.000000 212.631454 4.366870 2.970479
225.00 1.000000 213.181326 4.366870 2.968864
225.90 1.000000 213.730894 4.366870 2.967202
226.80 1.000000 214.280148 4.366870 2.965497
227.70 1.000000 214.829081 4.366870 2.963753
228.60 1.000000 215.377687 4.366870 2.961968
229.50 1.000000 215.925959 4.366870 2.960144
230.40 1.000000 216.473889 4.366870 2.958280
231.30 1.000000 217.021469 4.366870 2.956379
232.20 1.000000 217.568694 4.366870 2.954440
233.10 1.000000 218.115555 4.366870 2.952464
234.00 1.000000 218.662046 4.366870 2.950457
234.90 1.000000 219.208161 4.366870 2.948420
235.80 1.000000 219.753896 4.366870 2.946356
236.70 1.000000 220.299245 4.366870 2.944269
237.60 1.000000 220.844204 4.366870 2.942164
238.50 1.000000 221.388772 4.366870 2.940042
239.40 1.000000 221.932945 4.366870 2.937905
240.30 1.000000 222.476721 4.366870 2.935755
241.20 1.000000 223.020097 4.366870 2.933595
242.10 1.000000 223.563073 4.366870 2.931423
243.00 1.000000 224.105646 4.366870 2.929242
243.90 1.000000 224.647814 4.366870 2.927054
244.80 1.000000 225.189575 4.366870 2.924857
245.70 1.000000 225.730929 4.366870 2.922655
246.60 1.000000 226.271874 4.366870 2.920451
247.50 1.000000 226.812411 4.366870 2.918246
248.40 1.000000 227.352538 4.366870 2.916044
249.30 1.000000 227.892257 4.366870 2.913849
250.20 1.000000 228.431570 4.366870 2.911664
251.10 1.000000 228.970478 4.366870 2.909491
252.00 1.000000 229.508984 4.366870 2.907333
252.90 1.000000 230.047093 4.366870 2.905195
253.80 1.000000 230.584807 4.366870 2.903075
254.70 1.000000 231.122130 4.366870 2.900976
255.60 1.000000 231.659068 4.366870 2.898900
256.50 1.000000 232.195623 4.366870 2.896846
257.40 1.000000 232.731801 4.366870 2.894814
258.30 1.000000 233.267606 4.366870 2.892806
259.20 1.000000 233.803042 4.366870 2.890821
260.10 1.000000 234.338113 4.366870 2.888859
261.00 1.000000 234.872823 4.366870 2.886921
261.90 1.000000 235.407178 4.366870 2.885009
262.80 1.000000 235.941181 4.366870 2.883121
263.70 1.000000 236.474837 4.366870 2.881260
264.60 1.000000 237.008152 4.366870 2.879427
265.50 1.000000 237.541130 4.366870 2.877624
266.40 1.000000 238.073777 4.366870 2.875851
267.30 1.000000 238.606098 4.366870 2.874111
268.20 1.000000 239.138101 4.366870 2.872405
269.10 1.000000 239.669792 4.366870 2.870733
270.00 1.000000 240.201176 4.366870 2.869097
270.90 1.000000 240.732261 4.366870 2.867498
271.80 1.000000 241.263054 4.366870 2.865934
272.70 1.000000 241.793562 4.366870 2.864409
273.60 1.000000 242.323791 4.366870 2.862920
274.50 1.000000 242.853749 4.366870 2.861467
275.40 1.000000 243.383443 4.366870 2.860051
276.30 1.000000 243.912878 4.366870 2.858670
277.20 1.000000 244.442063 4.366870 2.857325
278.10 1.000000 244.971002 4.366870 2.856014
279.00 1.000000 245.499703 4.366870 2.854737
279.90 1.000000 246.028172 4.366870 2.853493
280.80 1.000000 246.556414 4.366870 2.852282
281.70 1.000000 247.084436 4.366870 2.851103
282.60 1.000000 247.612243 4.366870 2.849957
283.50 1.000000 248.139842 4.366870 2.848842
284.40 1.000000 248.667238 4.366870 2.847760
285.30 1.000000 249.194437 4.366870 2.846709
286.20 1.000000 249.721444 4.366870 2.845689
287.10 1.000000 250.248267 4.366870 2.844702
288.00 1.000000 250.774909 4.366870 2.843745
288.90 1.000000 251.301378 4.366870 2.842820
289.80 1.000000 251.827679 4.366870 2.841927
290.70 1.000000 252.353817 4.366870 2.841065
291.60 1.000000 252.879799 4.366870 2.840234
292.50 1.000000 253.405631 4.366870 2.839433
293.40 1.000000 253.931317 4.366870 2.838664
294.30 1.000000 254.456864 4.366870 2.837923
295.20 1.000000 254.982277 4.366870 2.837212
296.10 1.000000 255.507562 4.366870 2.836531
297.00 1.000000 256.032724 4.366870 2.835876
297.90 1.000000 256.557767 4.366870 2.835249
298.80 1.000000 257.082698 4.366870 2.834649
299.70 1.000000 257.607520 4.366870 2.834074
300.60 1.000000 258.132239 4.366870 2.833524
301.50 1.000000 258.656859 4.366870 2.832997
302.40 1.000000 259.181385 4.366870 2.832494
303.30 1.000000 259.705820 4.366870 2.832012
304.20 1.000000 260.230168 4.366870 2.831552
305.10 1.000000 260.754434 4.366870 2.831112
306.00 1.000000 261.278621 4.366870 2.830691
306.90 1.000000 261.802732 4.366870 2.830289
307.80 1.000000 262.326771 4.366870 2.829904
308.70 1.000000 262.850741 4.366870 2.829537
309.60 1.000000 263.374645 4.366870 2.829187
310.50 1.000000 263.898486 4.366870 2.828852
311.40 1.000000 264.422267 4.366870 2.828532
312.30 1.000000 264.945991 4.366870 2.828227
313.20 1.000000 265.469659 4.366870 2.827936
314.10 1.000000 265.993276 4.366870 2.827658
315.00 1.000000 266.516843 4.366870 2.827394
315.90 1.000000 267.040362 4.366870 2.827142
316.80 1.000000 267.563836 4.366870 2.826902
317.70 1.000000 268.087267 4.366870 2.826674
318.60 1.000000 268.610656 4.366870 2.826457
319.50 1.000000 269.134007 4.366870 2.826252
320.40 1.000000 269.657321 4.366870 2.826056
321.30 1.000000 270.180600 4.366870 2.825871
322.20 1.000000 270.703846 4.366870 2.825696
323.10 1.000000 271.227060 4.366870 2.825530
324.00 1.000000 271.750245 4.366870 2.825373
324.90 1.000000 272.273401 4.366870 2.825225
325.80 1.000000 272.796531 4.366870 2.825086
326.70 1.000000 273.319636 4.366870 2.824954
327.60 1.000000 273.842717 4.366870 2.824831
328.50 1.000000 274.365777 4.366870 2.824714
329.40 1.000000 274.888815 4.366870 2.824605
330.30 1.000000 275.411834 4.366870 2.824502
331.20 1.000000 275.934834 4.366870 2.824406
332.10 1.000000 276.457817 4.366870 2.824316
333.00 1.000000 276.980784 4.366870 2.824232
333.90 1.000000 277.503737 4.366870 2.824154
334.80 1.000000 278.026675 4.366870 2.824080
335.70 1.000000 278.549600 4.366870 2.824012
336.60 1.000000 279.072513 4.366870 2.823948
337.50 1.000000 279.595414 4.366870 2.823889
338.40 1.000000 280.118305 4.366870 2.823834
339.30 1.000000 280.641186 4.366870 2.823783
340.20 1.000000 281.164058 4.366870 2.823735
341.10 1.000000 281.686922 4.366870 2.823692
342.00 1.000000 282.209778 4.366870 2.823651
342.90 1.000000 282.732627 4.366870 2.823613
343.80 1.000000 283.255469 4.366870 2.823578
344.70 1.000000 283.778305 4.366870 2.823546
345.60 1.000000 284.301136 4.366870 2.823516
346.50 1.000000 284.823961 4.366870 2.823489
347.40 1.000000 285.346781 4.366870 2.823463
348.30 1.000000 285.869597 4.366870 2.823440
349.20 1.000000 286.392409 4.366870 2.823418
350.10 1.000000 286.915217 4.366870 2.823399
351.00 1.000000 287.438021 4.366870 2.823380
351.90 1.000000 287.960822 4.366870 2.823363
352.80 1.000000 288.483620 4.366870 2.823348
353.70 1.000000 289.006416 4.366870 2.823334
354.60 1.000000 289.529209 4.366870 2.823321
355.50 1.000000 290.052000 4.366870 2.823309
356.40 1.000000 290.574789 4.366870 2.823297
357.30 1.000000 291.097575 4.366870 2.823287
358.20 1.000000 291.620360 4.366870 2.823277
359.10 1.000000 292.143143 4.366870 2.823269
360.00 1.000000 292.665925 4.366870 2.823261
360.90 1.000000 293.188705 4.366870 2.823254
361.80 1.000000 293.711484 4.366870 2.823247
362.70 1.000000 294.234262 4.366870 2.823241
363.60 1.000000 294.757039 4.366870 2.823235
364.50 1.000000 295.279815 4.366870 2.823229
365.40 1.000000 295.802589 4.366870 2.823223
366.30 1.000000 296.325363 4.366870 2.823218
367.20 1.000000 296.848136 4.366870 2.823214
368.10 1.000000 297.370907 4.366870 2.823210
369.00 1.000000 297.893679 4.366870 2.823206
369.90 1.000000 298.416449 4.366870 2.823202
370.80 1.000000 298.939219 4.366870 2.823199
371.70 1.000000 299.461989 4.366870 2.823195
372.60 1.000000 299.984757 4.366870 2.823191
373.50 1.000000 300.507525 4.366870 2.823187
374.40 1.000000 301.030292 4.366870 2.823183
375.30 1.000000 301.553058 4.366870 2.823180
376.20 1.000000 302.075824 4.366870 2.823177
377.10 1.000000 302.598589 4.366870 2.823173
378.00 1.000000 303.121354 4.366870 2.823170
378.90 1.000000 303.644118 4.366870 2.823167
379.80 1.000000 304.166881 4.366870 2.823163
380.70 1.000000 304.689644 4.366870 2.823159
381.60 1.000000 305.212406 4.366870 2.823154
382.50 1.000000 305.735166 4.366870 2.823149
383.40 1.000000 306.257926 4.366870 2.823143
384.30 1.000000 306.780684 4.366870 2.823137
385.20 1.000000 307.303442 4.366870 2.823132
386.10 1.000000 307.826198 4.366870 2.823126
387.00 1.000000 308.348953 4.366870 2.823120
387.90 1.000000 308.871708 4.366870 2.823114
388.80 1.000000 309.394461 4.366870 2.823107
389.70 1.000000 309.917212 4.366870 2.823098
390.60 1.000000 310.439962 4.366870 2.823087
391.50 1.000000 310.962709 4.366870 2.823075
392.40 1.000000 311.485454 4.366870 2.823062
393.30 1.000000 312.008196 4.366870 2.823048
394.20 1.000000 312.530935 4.366870 2.823033
395.10 1.000000 313.053672 4.366870 2.823018
396.00 1.000000 313.576406 4.366870 2.823003
396.90 1.000000 314.099136 4.366870 2.822986
397.80 1.000000 314.621864 4.366870 2.822966
398.70 1.000000 315.144588 4.366870 2.822945
399.60 1.000000 315.667307 4.366870 2.822920
400.50 1.000000 316.190022 4.366870 2.822891
401.40 1.000000 316.712730 4.366870 2.822858
402.30 1.000000 317.235431 4.366870 2.822822
403.20 1.000000 317.758126 4.366870 2.822783
404.10 1.000000 318.280812 4.366870 2.822740
405.00 1.000000 318.803490 4.366870 2.822696
405.90 1.000000 319.326159 4.366870 2.822649
406.80 1.000000 319.848820 4.366870 2.822597
407.70 1.000000 320.371470 4.366870 2.822542
408.60 1.000000 320.894110 4.366870 2.822481
409.50 1.000000 321.416738 4.366870 2.822412
410.40 1.000000 321.939352 4.366870 2.822334
411.30 1.000000 322.461951 4.366870 2.822248
412.20 1.000000 322.984532 4.366870 2.822152
413.10 1.000000 323.507094 4.366870 2.822045
414.00 1.000000 324.029634 4.366870 2.821929
414.90 1.000000 324.552151 4.366870 2.821806
415.80 1.000000 325.074645 4.366870 2.821672
416.70 1.000000 325.597111 4.366870 2.821529
417.60 1.000000 326.119551 4.366870 2.821377
418.50 1.000000 326.641961 4.366870 2.821212
419.40 1.000000 327.164340 4.366870 2.821033
420.30 1.000000 327.686683 4.366870 2.820837
421.20 1.000000 328.208989 4.366870 2.820623
422.10 1.000000 328.731252 4.366870 2.820386
423.00 1.000000 329.253468 4.366870 2.820124
423.90 1.000000 329.775632 4.366870 2.819839
424.80 1.000000 330.297740 4.366870 2.819529
425.70 1.000000 330.819786 4.366870 2.819192
426.60 1.000000 331.341766 4.366870 2.818830
427.50 1.000000 331.863675 4.366870 2.818443
428.40 1.000000 332.385509 4.366870 2.818029
429.30 1.000000 332.907263 4.366870 2.817586
430.20 1.000000 333.428931 4.366870 2.817114
431.10 1.000000 333.950508 4.366870 2.816608
432.00 1.000000 334.471987 4.366870 2.816061
432.90 1.000000 334.993360 4.366870 2.815470
433.80 1.000000 335.514618 4.366870 2.814833
434.70 1.000000 336.035752 4.366870 2.814140
435.60 1.000000 336.556750 4.366870 2.813389
436.50 1.000000 337.077601 4.366870 2.812580
437.40 1.000000 337.598294 4.366870 2.811707
438.30 1.000000 338.118815 4.366870 2.810768
439.20 1.000000 338.639152 4.366870 2.809765
440.10 1.000000 339.159294 4.366870 2.808696
441.00 1.000000 339.679228 4.366870 2.807557
441.90 1.000000 340.198941 4.366870 2.806346
442.80 1.000000 340.718421 4.366870 2.805061
443.70 1.000000 341.237652 4.366870 2.803695
444.60 1.000000 341.756620 4.366870 2.802238
445.50 1.000000 342.275307 4.366870 2.800688
446.40 1.000000 342.793695 4.366870 2.799033
447.30 1.000000 343.311763 4.366870 2.797261
448.20 1.000000 343.829487 4.366870 2.795367
449.10 1.000000 344.346844 4.366870 2.793343
